    19     6
     4    15
    11    21
     5    11
    15    27
     6    15
    18    26
     8    13
    16    19
    20    34
    14     4
    18     2
    19    30
     9    28
    10    13
    17    43
    12    25
     4     1
    17    24
    13    29
    12    16
    11     9
     6    42
    10    32
     7    18
     6    22
     3    17
     7    37
     8    14
     3    16
     5    48
     1    20
     5    20
    19    33
    15    31
    18    41
    13    45
     9     8
    14    14
     4    38
     1    39
     2    50
    17     5
     2     7
     7    19
    12    44
    10    11
     3    35
     2    23
     8    36
     9    40
    14    46
    11    47
    15     3
     1    18
    16    17
    20    12
    16    49
    13    10
    20    12
